Format: 
FPR
TPR
Threshold

Baseline (DeepDDS):
[0.         0.         0.         0.         0.         0.00531915
 0.00531915 0.00531915 0.00531915 0.00531915 0.0106383  0.0106383
 0.0106383  0.0106383  0.01595745 0.01595745 0.01595745 0.0212766
 0.0212766  0.02659574 0.02659574 0.03191489 0.03191489 0.03191489
 0.03723404 0.03723404 0.05851064 0.05851064 0.05851064 0.05851064
 0.06382979 0.06382979 0.06914894 0.06914894 0.06914894 0.07446809
 0.07446809 0.07446809 0.07446809 0.07978723 0.07978723 0.08510638
 0.08510638 0.09042553 0.09042553 0.09574468 0.09574468 0.10106383
 0.10106383 0.10638298 0.10638298 0.11170213 0.11170213 0.11702128
 0.11702128 0.11702128 0.12234043 0.12234043 0.12765957 0.12765957
 0.13297872 0.13297872 0.13829787 0.13829787 0.14361702 0.14361702
 0.14361702 0.14361702 0.14893617 0.14893617 0.15425532 0.15425532
 0.15957447 0.15957447 0.16489362 0.16489362 0.17553191 0.17553191
 0.18085106 0.18085106 0.18085106 0.19148936 0.19148936 0.19680851
 0.19680851 0.19680851 0.20212766 0.20212766 0.20744681 0.20744681
 0.22340426 0.22340426 0.23404255 0.23404255 0.2393617  0.2393617
 0.25       0.25       0.25531915 0.25531915 0.2606383  0.2606383
 0.26595745 0.26595745 0.26595745 0.2712766  0.2712766  0.28191489
 0.28191489 0.28191489 0.28191489 0.29787234 0.29787234 0.29787234
 0.29787234 0.30319149 0.30319149 0.30319149 0.30851064 0.30851064
 0.30851064 0.30851064 0.31382979 0.31382979 0.31914894 0.31914894
 0.32978723 0.32978723 0.33510638 0.33510638 0.33510638 0.34574468
 0.34574468 0.35106383 0.35106383 0.35638298 0.35638298 0.35638298
 0.36170213 0.36170213 0.36702128 0.36702128 0.37234043 0.37234043
 0.37765957 0.37765957 0.38297872 0.38297872 0.38297872 0.38829787
 0.38829787 0.38829787 0.39893617 0.39893617 0.40425532 0.40425532
 0.40957447 0.40957447 0.41489362 0.41489362 0.42021277 0.42021277
 0.43085106 0.43085106 0.43617021 0.43617021 0.43617021 0.43617021
 0.43617021 0.43617021 0.44148936 0.44148936 0.44680851 0.44680851
 0.45212766 0.45212766 0.45744681 0.45744681 0.46276596 0.46276596
 0.46808511 0.46808511 0.47340426 0.47340426 0.48404255 0.48404255
 0.49468085 0.49468085 0.5212766  0.5212766  0.52659574 0.52659574
 0.54255319 0.54255319 0.55319149 0.55851064 0.55851064 0.56914894
 0.56914894 0.57978723 0.57978723 0.59042553 0.60638298 0.60638298
 0.62234043 0.62234043 0.62765957 0.62765957 0.63829787 0.63829787
 0.64893617 0.64893617 0.65425532 0.65425532 0.67021277 0.67021277
 0.68617021 0.68617021 0.69148936 0.69148936 0.69680851 0.69680851
 0.70744681 0.70744681 0.71808511 0.71808511 0.72340426 0.72340426
 0.7606383  0.7606383  0.76595745 0.76595745 0.77659574 0.77659574
 0.78191489 0.78191489 0.78723404 0.78723404 0.79255319 0.79255319
 0.80319149 0.80319149 0.81382979 0.81382979 0.82978723 0.82978723
 0.84042553 0.84042553 0.84574468 0.84574468 0.85638298 0.85638298
 0.86170213 0.86170213 0.86702128 0.86702128 0.87234043 0.87234043
 0.87765957 0.87765957 0.88829787 0.88829787 0.89361702 0.89361702
 0.90957447 0.90957447 0.92021277 0.92021277 0.92553191 0.92553191
 0.93085106 0.93085106 0.93617021 0.93617021 0.94680851 0.94680851
 0.96276596 0.96276596 0.97340426 0.97340426 0.98404255 0.98404255
 0.9893617  0.9893617  1.         1.        ]
[0.         0.00208333 0.01041667 0.01458333 0.025      0.025
 0.02916667 0.04375    0.04791667 0.05416667 0.05416667 0.06041667
 0.06458333 0.06666667 0.06666667 0.06875    0.07291667 0.07291667
 0.07708333 0.07708333 0.08125    0.08125    0.0875     0.09166667
 0.09166667 0.1        0.1        0.10833333 0.1125     0.12708333
 0.12708333 0.13125    0.13125    0.13958333 0.14375    0.14375
 0.16041667 0.16458333 0.16875    0.16875    0.17083333 0.17083333
 0.17291667 0.17291667 0.18125    0.18125    0.18541667 0.18541667
 0.19375    0.19791667 0.21041667 0.21041667 0.21666667 0.21666667
 0.22083333 0.22291667 0.22291667 0.23333333 0.23333333 0.2375
 0.2375     0.24583333 0.24583333 0.24791667 0.24791667 0.25416667
 0.25833333 0.26458333 0.26458333 0.26666667 0.26666667 0.27916667
 0.27916667 0.29791667 0.29791667 0.3        0.3        0.30208333
 0.30208333 0.30625    0.31041667 0.31041667 0.31458333 0.31458333
 0.33541667 0.33958333 0.33958333 0.35625    0.35625    0.3625
 0.3625     0.375      0.375      0.37708333 0.37708333 0.38333333
 0.38333333 0.39166667 0.39166667 0.39375    0.39375    0.39583333
 0.39583333 0.39791667 0.40208333 0.40208333 0.40625    0.40625
 0.41458333 0.41875    0.42291667 0.42291667 0.43125    0.43541667
 0.44583333 0.44583333 0.44791667 0.45208333 0.45208333 0.45416667
 0.45833333 0.4625     0.4625     0.47291667 0.47291667 0.4875
 0.4875     0.48958333 0.48958333 0.49375    0.49791667 0.49791667
 0.51041667 0.51041667 0.5125     0.5125     0.51666667 0.52083333
 0.52083333 0.52291667 0.52291667 0.52708333 0.52708333 0.53125
 0.53125    0.5375     0.5375     0.54166667 0.54583333 0.54583333
 0.55       0.56041667 0.56041667 0.5625     0.56458333 0.56875
 0.56875    0.57708333 0.57708333 0.57916667 0.57916667 0.58541667
 0.58541667 0.60625    0.60625    0.60833333 0.6125     0.625
 0.62916667 0.63333333 0.63333333 0.6375     0.6375     0.64166667
 0.64166667 0.64791667 0.64791667 0.66875    0.66875    0.67708333
 0.67708333 0.67916667 0.67916667 0.68541667 0.68541667 0.70416667
 0.70416667 0.70625    0.70625    0.71041667 0.71041667 0.71666667
 0.71666667 0.72916667 0.72916667 0.72916667 0.73958333 0.73958333
 0.74166667 0.74166667 0.74583333 0.74583333 0.74583333 0.75416667
 0.75416667 0.75833333 0.75833333 0.7625     0.7625     0.76666667
 0.76666667 0.76875    0.76875    0.775      0.775      0.77708333
 0.77708333 0.78125    0.78125    0.78958333 0.78958333 0.79166667
 0.79166667 0.79375    0.79375    0.79583333 0.79583333 0.79791667
 0.79791667 0.80208333 0.80208333 0.80416667 0.80416667 0.8125
 0.8125     0.825      0.825      0.83125    0.83125    0.84375
 0.84375    0.84583333 0.84583333 0.85       0.85       0.85833333
 0.85833333 0.86041667 0.86041667 0.875      0.875      0.88125
 0.88125    0.88333333 0.88333333 0.8875     0.8875     0.90416667
 0.90416667 0.90625    0.90625    0.91041667 0.91041667 0.92083333
 0.92083333 0.92291667 0.92291667 0.9375     0.9375     0.94166667
 0.94166667 0.94583333 0.94583333 0.95208333 0.95208333 0.95625
 0.95625    0.95833333 0.95833333 0.96458333 0.96458333 0.96875
 0.96875    0.97916667 0.97916667 1.        ]
[       inf 0.85464835 0.8458379  0.8446365  0.8377087  0.8362627
 0.83504    0.81820846 0.81803906 0.8170912  0.81651807 0.81277686
 0.8095064  0.80785984 0.8076984  0.8068128  0.8067779  0.80340576
 0.80245656 0.8023786  0.80065453 0.8000139  0.7989721  0.7976578
 0.7968381  0.7947656  0.79204804 0.79061675 0.7904495  0.78739583
 0.78693557 0.78483653 0.78451335 0.783698   0.78330314 0.78329897
 0.7794866  0.7793098  0.77844995 0.7782687  0.7779031  0.7778125
 0.7775794  0.77626747 0.77334243 0.77301013 0.7727002  0.77208006
 0.7697192  0.7693658  0.76708543 0.76634306 0.76425904 0.7631842
 0.7626274  0.7621555  0.76150364 0.7606864  0.76039296 0.75970155
 0.7591047  0.75813574 0.7576195  0.75606245 0.75605905 0.75547206
 0.754977   0.7538583  0.7531008  0.7525825  0.7521838  0.74821484
 0.7480694  0.74413586 0.7439787  0.743287   0.74181974 0.7414621
 0.7411049  0.74062264 0.7402851  0.7389681  0.7384921  0.7371113
 0.73403054 0.7335218  0.7332549  0.7270488  0.7267325  0.72562623
 0.7228848  0.71519434 0.7150778  0.7149341  0.7146146  0.7131478
 0.7111267  0.70644385 0.7064294  0.7061001  0.70549816 0.70531553
 0.7051737  0.7026516  0.7004913  0.700073   0.6938555  0.6926533
 0.6919613  0.6899879  0.6889589  0.68740916 0.680543   0.6792834
 0.67346627 0.6729504  0.66974217 0.6670521  0.66516894 0.6646177
 0.6645989  0.66376567 0.66322803 0.65790194 0.6545657  0.64832574
 0.6448904  0.63899916 0.63873416 0.63845056 0.63783836 0.63688076
 0.6322175  0.6315837  0.6313488  0.63074195 0.6287906  0.628767
 0.6275555  0.6265297  0.6253051  0.6246809  0.6244524  0.6230932
 0.62238914 0.6206969  0.6200998  0.61978316 0.61836094 0.6177276
 0.61666834 0.6123987  0.61153686 0.609985   0.60821664 0.6075727
 0.60652655 0.60249126 0.6021318  0.6012286  0.59987    0.59917647
 0.5983562  0.5859654  0.5845864  0.58283633 0.5823969  0.57914907
 0.57777846 0.5774294  0.57637703 0.5756478  0.57453805 0.5733255
 0.573151   0.57084084 0.5705674  0.561855   0.559059   0.5573968
 0.5570706  0.557053   0.55603063 0.5525933  0.5496459  0.5387914
 0.53740394 0.5370283  0.53086776 0.52924925 0.5291155  0.5259571
 0.52289766 0.51968455 0.5186004  0.5176734  0.5114367  0.5100566
 0.5091867  0.50504553 0.50485045 0.504399   0.5036108  0.49936634
 0.49640748 0.49552655 0.49443406 0.49364942 0.4930841  0.49163115
 0.490849   0.4890746  0.48906696 0.48812532 0.48698002 0.48691773
 0.4845481  0.48398796 0.4832864  0.4822891  0.48081067 0.4807401
 0.4803743  0.48006454 0.47808966 0.47730196 0.476231   0.47490722
 0.47049367 0.47005373 0.46997875 0.4685469  0.46639836 0.45931587
 0.458121   0.4535816  0.45289388 0.44862488 0.44823074 0.44083098
 0.43952265 0.43931383 0.43838966 0.43806657 0.43440896 0.4210977
 0.42085394 0.42039353 0.41969433 0.41303468 0.4075695  0.40174568
 0.40166852 0.40079162 0.39846495 0.39529884 0.39365724 0.3816391
 0.37865493 0.37611273 0.3724023  0.36468542 0.36390507 0.3577374
 0.3548244  0.3510518  0.34974626 0.3342473  0.33325765 0.32608712
 0.3237222  0.3202688  0.3175792  0.2952264  0.29087278 0.2887203
 0.27308798 0.2729548  0.2728225  0.26172933 0.2546793  0.25175938
 0.24552344 0.23232582 0.22876348 0.12636846]

Geneformer:
[0.         0.         0.         0.         0.         0.00531915
 0.00531915 0.01595745 0.01595745 0.01595745 0.01595745 0.0212766
 0.0212766  0.0212766  0.0212766  0.02659574 0.02659574 0.03723404
 0.03723404 0.04255319 0.04255319 0.04787234 0.04787234 0.04787234
 0.05319149 0.05319149 0.06382979 0.06382979 0.06914894 0.06914894
 0.07446809 0.07446809 0.08510638 0.08510638 0.09042553 0.09042553
 0.09042553 0.09042553 0.09574468 0.09574468 0.09574468 0.09574468
 0.09574468 0.09574468 0.10106383 0.10106383 0.10106383 0.10638298
 0.10638298 0.11170213 0.11170213 0.11702128 0.11702128 0.11702128
 0.11702128 0.12765957 0.12765957 0.13297872 0.13297872 0.13297872
 0.13829787 0.13829787 0.14361702 0.14361702 0.14361702 0.14893617
 0.14893617 0.15425532 0.15425532 0.15957447 0.15957447 0.16489362
 0.16489362 0.17021277 0.17021277 0.17553191 0.17553191 0.18085106
 0.18085106 0.18617021 0.18617021 0.19148936 0.19148936 0.19148936
 0.19148936 0.19680851 0.19680851 0.20744681 0.20744681 0.22340426
 0.22340426 0.2287234  0.2287234  0.25       0.25       0.25
 0.25       0.25531915 0.25531915 0.26595745 0.26595745 0.27659574
 0.27659574 0.28191489 0.28191489 0.28723404 0.28723404 0.29255319
 0.29255319 0.29255319 0.29255319 0.29787234 0.29787234 0.30851064
 0.30851064 0.31382979 0.31382979 0.32978723 0.32978723 0.33510638
 0.33510638 0.34042553 0.34042553 0.34574468 0.34574468 0.35106383
 0.35106383 0.35638298 0.35638298 0.36170213 0.36170213 0.36170213
 0.36170213 0.36702128 0.36702128 0.36702128 0.37765957 0.37765957
 0.38297872 0.38297872 0.39361702 0.39361702 0.39893617 0.39893617
 0.39893617 0.39893617 0.40425532 0.40425532 0.40425532 0.40425532
 0.40957447 0.40957447 0.41489362 0.41489362 0.42021277 0.42021277
 0.42021277 0.42021277 0.42553191 0.42553191 0.42553191 0.43085106
 0.43085106 0.43617021 0.43617021 0.43617021 0.43617021 0.45212766
 0.45212766 0.45744681 0.45744681 0.46808511 0.46808511 0.4787234
 0.4787234  0.48404255 0.48404255 0.49468085 0.49468085 0.5
 0.5        0.5        0.5        0.50531915 0.50531915 0.5212766
 0.5212766  0.52659574 0.52659574 0.53191489 0.53191489 0.53723404
 0.53723404 0.53723404 0.54787234 0.54787234 0.55319149 0.55319149
 0.57446809 0.57446809 0.57978723 0.57978723 0.58510638 0.58510638
 0.60638298 0.60638298 0.61170213 0.61170213 0.61702128 0.61702128
 0.64893617 0.64893617 0.67553191 0.67553191 0.68085106 0.68085106
 0.69148936 0.69148936 0.69680851 0.69680851 0.70744681 0.71276596
 0.71276596 0.71808511 0.7287234  0.73404255 0.73404255 0.74468085
 0.74468085 0.75       0.75       0.7606383  0.7606383  0.7606383
 0.7606383  0.76595745 0.76595745 0.7712766  0.7712766  0.78723404
 0.78723404 0.79787234 0.79787234 0.80319149 0.80319149 0.80851064
 0.80851064 0.81382979 0.81382979 0.82446809 0.82446809 0.82978723
 0.82978723 0.83510638 0.83510638 0.84574468 0.84574468 0.85106383
 0.85106383 0.86170213 0.86170213 0.86702128 0.86702128 0.87234043
 0.87234043 0.88297872 0.88297872 0.89361702 0.89361702 0.89893617
 0.89893617 0.90425532 0.90425532 0.90957447 0.90957447 0.93085106
 0.93085106 0.93617021 0.93617021 0.94680851 0.94680851 0.95212766
 0.95212766 0.95744681 0.95744681 0.96808511 0.96808511 0.9787234
 0.9787234  0.98404255 0.98404255 0.99468085 0.99468085 1.
 1.        ]
[0.         0.00208333 0.01875    0.02708333 0.02916667 0.02916667
 0.04166667 0.04166667 0.05       0.05416667 0.08125    0.08125
 0.09583333 0.1        0.10625    0.10625    0.11875    0.11875
 0.13125    0.13125    0.13333333 0.13333333 0.15       0.15416667
 0.15416667 0.15625    0.15625    0.16875    0.16875    0.18125
 0.18541667 0.19166667 0.19166667 0.19791667 0.19791667 0.20416667
 0.20833333 0.22291667 0.22291667 0.22916667 0.23333333 0.23958333
 0.24375    0.25833333 0.25833333 0.2625     0.26666667 0.26666667
 0.27916667 0.27916667 0.29166667 0.29166667 0.29375    0.29791667
 0.3        0.3        0.30416667 0.30416667 0.30833333 0.3125
 0.3125     0.32291667 0.32291667 0.32708333 0.33125    0.33125
 0.3375     0.3375     0.34791667 0.34791667 0.35625    0.35625
 0.35833333 0.35833333 0.36041667 0.36041667 0.36458333 0.36458333
 0.36875    0.36875    0.37291667 0.37291667 0.37708333 0.38125
 0.38333333 0.38333333 0.38958333 0.38958333 0.39375    0.39375
 0.39791667 0.39791667 0.4        0.4        0.40416667 0.40833333
 0.41041667 0.41041667 0.41458333 0.41458333 0.42083333 0.42083333
 0.4375     0.4375     0.44375    0.44375    0.45208333 0.45208333
 0.45833333 0.4625     0.46458333 0.46458333 0.46875    0.46875
 0.47708333 0.47916667 0.50416667 0.50416667 0.5125     0.5125
 0.51875    0.51875    0.52083333 0.52083333 0.52291667 0.52291667
 0.53125    0.53125    0.5375     0.5375     0.53958333 0.54375
 0.54583333 0.54583333 0.55       0.55625    0.55625    0.57291667
 0.57291667 0.57708333 0.57708333 0.58333333 0.58333333 0.59375
 0.59791667 0.6        0.6        0.60416667 0.60833333 0.61041667
 0.61041667 0.62083333 0.62083333 0.62291667 0.62291667 0.63125
 0.63541667 0.64166667 0.64166667 0.64583333 0.65       0.65
 0.65625    0.65625    0.67083333 0.675      0.67708333 0.67708333
 0.67916667 0.67916667 0.68125    0.68125    0.6875     0.6875
 0.69791667 0.69791667 0.70208333 0.70208333 0.70833333 0.70833333
 0.71875    0.72291667 0.73333333 0.73333333 0.73541667 0.73541667
 0.7375     0.7375     0.74166667 0.74166667 0.75       0.75
 0.75416667 0.75625    0.75625    0.75833333 0.75833333 0.76041667
 0.76041667 0.7625     0.7625     0.76458333 0.76458333 0.76666667
 0.76666667 0.77291667 0.77291667 0.77708333 0.77708333 0.78125
 0.78125    0.78958333 0.78958333 0.79375    0.79375    0.79791667
 0.79791667 0.8        0.8        0.80625    0.80625    0.80625
 0.81041667 0.81041667 0.81041667 0.81041667 0.81458333 0.81458333
 0.81875    0.81875    0.82083333 0.82083333 0.83125    0.83541667
 0.83958333 0.83958333 0.84166667 0.84166667 0.84375    0.84375
 0.84791667 0.84791667 0.85       0.85       0.85208333 0.85208333
 0.85625    0.85625    0.86041667 0.86041667 0.86666667 0.86666667
 0.87708333 0.87708333 0.89166667 0.89166667 0.89583333 0.89583333
 0.89791667 0.89791667 0.9        0.9        0.90416667 0.90416667
 0.90625    0.90625    0.92083333 0.92083333 0.93333333 0.93333333
 0.93541667 0.93541667 0.93958333 0.93958333 0.94166667 0.94166667
 0.94583333 0.94583333 0.94791667 0.94791667 0.95208333 0.95208333
 0.95833333 0.95833333 0.9625     0.9625     0.96666667 0.96666667
 0.96875    0.96875    0.97708333 0.97708333 0.98125    0.98125
 1.        ]
[       inf 0.9091144  0.8944415  0.8933945  0.89225805 0.89222306
 0.88075405 0.8795991  0.87765795 0.8722093  0.86190724 0.86138314
 0.8562311  0.85503113 0.85303473 0.85300463 0.8513558  0.85115075
 0.84937274 0.8493365  0.84926486 0.849001   0.8461328  0.84572786
 0.84539    0.8445123  0.844167   0.8422051  0.8421623  0.8404199
 0.8399276  0.83954257 0.8386152  0.83802205 0.8378364  0.8376457
 0.83733594 0.8345066  0.83421314 0.8316125  0.8314086  0.82979137
 0.82868487 0.8258662  0.8255282  0.82542115 0.8249155  0.8248956
 0.82376206 0.82372564 0.8209978  0.82096493 0.82095695 0.82028216
 0.82024115 0.8188457  0.81776327 0.81744885 0.81716704 0.81713146
 0.81627387 0.81360865 0.8134451  0.8123829  0.8122002  0.8120135
 0.8105832  0.8103665  0.80914384 0.8090643  0.80743337 0.8071003
 0.8069097  0.806388   0.8063175  0.80479497 0.8037193  0.8036153
 0.80245686 0.8021381  0.80098355 0.8008252  0.80051005 0.7977043
 0.797      0.7965272  0.7955533  0.7948079  0.79471123 0.7943449
 0.7942004  0.7941118  0.79364383 0.79309285 0.79275537 0.79207796
 0.7919932  0.7914476  0.79077345 0.7906613  0.78884387 0.78848
 0.7857517  0.7853752  0.78409374 0.7838139  0.77989227 0.7798138
 0.77635944 0.77591753 0.77558416 0.77533025 0.7748815  0.77438784
 0.773613   0.77215266 0.7655063  0.7636104  0.7619414  0.7608563
 0.7588107  0.7586653  0.75823665 0.7578654  0.7569658  0.75608027
 0.7545594  0.75427127 0.7538155  0.75380456 0.75333977 0.7528512
 0.75265795 0.7525845  0.75074893 0.7490981  0.74776804 0.7410659
 0.7410411  0.73965585 0.7394404  0.732538   0.7319767  0.7248773
 0.7242126  0.7240445  0.7225138  0.7215699  0.7214721  0.7201088
 0.7165105  0.7114147  0.7097024  0.7093297  0.7075961  0.70586026
 0.7038815  0.7007337  0.70073265 0.6964668  0.6964495  0.69529784
 0.6935209  0.69128215 0.68376404 0.683054   0.68272096 0.68012214
 0.6796402  0.6767326  0.6766608  0.67399395 0.6697554  0.66972136
 0.6634957  0.6627023  0.6603279  0.6600105  0.65677446 0.65636003
 0.6524392  0.6511915  0.6472805  0.64684826 0.6425286  0.6410179
 0.6408419  0.63973    0.638934   0.6385564  0.6379765  0.63776106
 0.6372141  0.63619787 0.635429   0.6312385  0.6295858  0.62760705
 0.6245976  0.6243432  0.6242521  0.6241784  0.62408686 0.6236425
 0.61962533 0.6170537  0.615571   0.6132791  0.61202574 0.6114429
 0.6026409  0.6002773  0.59357095 0.5932172  0.5907097  0.5888555
 0.586569   0.5833529  0.58100146 0.58008295 0.579448   0.5762746
 0.57240534 0.5715746  0.57153064 0.5711439  0.57016003 0.56860435
 0.56745654 0.566552   0.5635463  0.5620441  0.55625206 0.5549485
 0.55134064 0.5512642  0.5512602  0.54937375 0.54864174 0.54364294
 0.5400129  0.5389422  0.53820556 0.53763264 0.537601   0.5372346
 0.53563786 0.5354257  0.526808   0.52406913 0.52193147 0.5206005
 0.5118407  0.51134163 0.5086094  0.5059517  0.49884546 0.49747783
 0.4968148  0.48797858 0.4841132  0.48306966 0.48158213 0.47638252
 0.4744905  0.472915   0.45059034 0.450415   0.44265044 0.44135612
 0.43754822 0.43699875 0.43212146 0.43082607 0.42678866 0.4087428
 0.39367613 0.38182738 0.3723207  0.35623127 0.34918427 0.34647453
 0.33923453 0.33289072 0.30861583 0.30821645 0.29769424 0.29595697
 0.2889076  0.27579257 0.267307   0.26511955 0.25546473 0.2536398
 0.1442161 ]


scFM:
[0.         0.         0.         0.         0.         0.00531915
 0.00531915 0.0106383  0.0106383  0.0106383  0.01595745 0.01595745
 0.01595745 0.01595745 0.0212766  0.0212766  0.0212766  0.02659574
 0.02659574 0.03191489 0.03191489 0.03723404 0.03723404 0.03723404
 0.03723404 0.04255319 0.04255319 0.05851064 0.05851064 0.05851064
 0.05851064 0.06382979 0.06382979 0.06914894 0.06914894 0.06914894
 0.06914894 0.07446809 0.07446809 0.07978723 0.07978723 0.07978723
 0.08510638 0.08510638 0.08510638 0.08510638 0.09042553 0.09042553
 0.09042553 0.09042553 0.09574468 0.09574468 0.10106383 0.10106383
 0.10106383 0.10106383 0.11170213 0.11170213 0.12234043 0.12234043
 0.13297872 0.13297872 0.13297872 0.13297872 0.14361702 0.14361702
 0.14893617 0.14893617 0.15425532 0.15425532 0.15957447 0.15957447
 0.16489362 0.16489362 0.17553191 0.17553191 0.18085106 0.18085106
 0.18617021 0.18617021 0.19148936 0.19148936 0.19148936 0.19680851
 0.19680851 0.20212766 0.20212766 0.20744681 0.20744681 0.21276596
 0.21276596 0.21808511 0.21808511 0.22340426 0.22340426 0.2287234
 0.2287234  0.23404255 0.23404255 0.24468085 0.24468085 0.25
 0.25       0.26595745 0.26595745 0.2712766  0.2712766  0.27659574
 0.27659574 0.28723404 0.28723404 0.28723404 0.29255319 0.29255319
 0.29787234 0.29787234 0.30319149 0.30319149 0.30851064 0.30851064
 0.31382979 0.31382979 0.32446809 0.32446809 0.32978723 0.32978723
 0.34042553 0.34042553 0.34042553 0.34042553 0.34042553 0.34042553
 0.34574468 0.34574468 0.35106383 0.35106383 0.35638298 0.35638298
 0.36170213 0.36170213 0.37234043 0.37234043 0.37765957 0.37765957
 0.37765957 0.38297872 0.38297872 0.38829787 0.38829787 0.39893617
 0.39893617 0.40425532 0.40425532 0.40425532 0.40425532 0.40425532
 0.40425532 0.42021277 0.42021277 0.42021277 0.42021277 0.42553191
 0.42553191 0.43085106 0.43085106 0.43617021 0.43617021 0.44148936
 0.44148936 0.44680851 0.44680851 0.45212766 0.45212766 0.45744681
 0.45744681 0.46808511 0.46808511 0.47340426 0.47340426 0.4787234
 0.4787234  0.4787234  0.4893617  0.5        0.5        0.50531915
 0.50531915 0.5106383  0.5106383  0.51595745 0.51595745 0.5212766
 0.5212766  0.53191489 0.53191489 0.53723404 0.53723404 0.54255319
 0.54255319 0.55319149 0.55319149 0.55851064 0.55851064 0.55851064
 0.56382979 0.56382979 0.56914894 0.56914894 0.57446809 0.57446809
 0.57978723 0.57978723 0.59042553 0.59042553 0.60106383 0.60106383
 0.60638298 0.60638298 0.61170213 0.61170213 0.61702128 0.61702128
 0.62765957 0.62765957 0.64361702 0.64361702 0.64893617 0.64893617
 0.65425532 0.65425532 0.66489362 0.66489362 0.68085106 0.68085106
 0.69148936 0.69148936 0.69680851 0.69680851 0.70212766 0.70212766
 0.70744681 0.70744681 0.71808511 0.71808511 0.72340426 0.72340426
 0.7393617  0.7393617  0.74468085 0.75531915 0.75531915 0.7606383
 0.7606383  0.7712766  0.7712766  0.77659574 0.77659574 0.78191489
 0.78191489 0.78723404 0.78723404 0.79255319 0.79255319 0.79787234
 0.79787234 0.80851064 0.80851064 0.81914894 0.82978723 0.82978723
 0.84042553 0.84042553 0.84574468 0.84574468 0.85106383 0.85106383
 0.86170213 0.87234043 0.87765957 0.87765957 0.88297872 0.88297872
 0.88829787 0.88829787 0.91489362 0.91489362 0.93617021 0.93617021
 0.95744681 0.95744681 0.96276596 0.96276596 0.96808511 0.96808511
 0.9787234  0.9787234  0.98404255 0.98404255 0.9893617  0.9893617
 0.99468085 0.99468085 1.         1.        ]
[0.         0.00208333 0.00416667 0.00833333 0.01666667 0.01666667
 0.02291667 0.02291667 0.025      0.02916667 0.02916667 0.03333333
 0.0375     0.05       0.05       0.05416667 0.05833333 0.05833333
 0.075      0.075      0.07916667 0.07916667 0.09166667 0.09583333
 0.125      0.125      0.1375     0.1375     0.16666667 0.17083333
 0.18125    0.18541667 0.19583333 0.19583333 0.2        0.20208333
 0.20625    0.20625    0.22083333 0.22083333 0.225      0.22708333
 0.22708333 0.23125    0.23541667 0.24166667 0.24166667 0.24375
 0.24791667 0.25208333 0.25208333 0.25416667 0.25416667 0.26666667
 0.27083333 0.28125    0.28125    0.28541667 0.28541667 0.29583333
 0.29583333 0.3        0.30416667 0.3125     0.3125     0.31666667
 0.31666667 0.325      0.325      0.33125    0.33125    0.33958333
 0.33958333 0.34791667 0.34791667 0.35208333 0.35208333 0.3625
 0.3625     0.36458333 0.36458333 0.36875    0.37291667 0.37291667
 0.37708333 0.37708333 0.38125    0.38125    0.3875     0.3875
 0.4        0.4        0.41041667 0.41041667 0.41458333 0.41458333
 0.41666667 0.41666667 0.4375     0.4375     0.44375    0.44375
 0.45416667 0.45416667 0.45833333 0.45833333 0.47083333 0.47083333
 0.4875     0.4875     0.49166667 0.50416667 0.50416667 0.51041667
 0.51041667 0.5125     0.5125     0.52291667 0.52291667 0.53333333
 0.53333333 0.5375     0.5375     0.54166667 0.54166667 0.54375
 0.54375    0.54583333 0.55       0.55208333 0.55625    0.55833333
 0.55833333 0.5625     0.5625     0.57291667 0.57291667 0.57916667
 0.58125    0.58958333 0.58958333 0.59166667 0.59166667 0.59583333
 0.60833333 0.60833333 0.61041667 0.61041667 0.6125     0.6125
 0.61875    0.61875    0.62083333 0.625      0.62916667 0.63333333
 0.63541667 0.63541667 0.6375     0.64166667 0.64791667 0.64791667
 0.65       0.65       0.65208333 0.65208333 0.6625     0.6625
 0.66666667 0.66666667 0.67083333 0.67083333 0.675      0.675
 0.67916667 0.67916667 0.68541667 0.68541667 0.68958333 0.68958333
 0.69375    0.70416667 0.70416667 0.70416667 0.70833333 0.70833333
 0.7125     0.7125     0.71666667 0.71666667 0.71875    0.71875
 0.725      0.725      0.73333333 0.73333333 0.7375     0.7375
 0.73958333 0.73958333 0.74166667 0.74166667 0.74583333 0.7625
 0.7625     0.76666667 0.76666667 0.77708333 0.77708333 0.78333333
 0.78333333 0.78541667 0.78541667 0.7875     0.7875     0.79166667
 0.79166667 0.79375    0.79375    0.79583333 0.79583333 0.80416667
 0.80416667 0.80625    0.80625    0.8125     0.8125     0.81458333
 0.81458333 0.82291667 0.82291667 0.825      0.825      0.83125
 0.83125    0.83333333 0.83333333 0.8375     0.8375     0.84791667
 0.84791667 0.85       0.85       0.85416667 0.85416667 0.85625
 0.85625    0.86041667 0.86041667 0.86041667 0.86666667 0.86666667
 0.87083333 0.87083333 0.87291667 0.87291667 0.875      0.875
 0.87916667 0.87916667 0.89166667 0.89166667 0.90833333 0.90833333
 0.91041667 0.91041667 0.9125     0.9125     0.9125     0.91875
 0.91875    0.92083333 0.92083333 0.925      0.925      0.92708333
 0.92708333 0.92708333 0.92708333 0.93125    0.93125    0.93333333
 0.93333333 0.9375     0.9375     0.94166667 0.94166667 0.94583333
 0.94583333 0.95208333 0.95208333 0.95625    0.95625    0.9625
 0.9625     0.96458333 0.96458333 0.97083333 0.97083333 0.97291667
 0.97291667 0.99791667 0.99791667 1.        ]
[       inf 0.90729517 0.9040111  0.89245695 0.87921363 0.8790081
 0.877869   0.8771574  0.87709713 0.8769595  0.8766473  0.87367135
 0.8735962  0.8681569  0.86628574 0.86587435 0.86494946 0.86342657
 0.8505944  0.8504319  0.8496197  0.8487082  0.8451618  0.8451504
 0.84231055 0.8418485  0.83944386 0.8388746  0.83525467 0.8351633
 0.832579   0.8324435  0.831314   0.8302537  0.8291921  0.82848126
 0.82810724 0.8280918  0.82624114 0.8248056  0.8247953  0.82479143
 0.82474595 0.822639   0.8223632  0.8219053  0.8216672  0.82112014
 0.8208225  0.8204116  0.82040375 0.82011455 0.8195317  0.8163511
 0.816246   0.8141146  0.81302166 0.81206185 0.8112809  0.80918896
 0.80910814 0.8075859  0.8071951  0.80616844 0.80455005 0.80414474
 0.8041395  0.8018135  0.80159926 0.80080074 0.80057454 0.7985508
 0.7982862  0.79779947 0.79771864 0.7967771  0.79664165 0.79527557
 0.79495513 0.79467624 0.7946365  0.79319763 0.7926222  0.7926047
 0.79224944 0.7913147  0.7910157  0.7909908  0.7898966  0.78977174
 0.78803486 0.78759605 0.7854778  0.7854118  0.7852865  0.78518146
 0.7847488  0.78385955 0.7797424  0.77955896 0.77874064 0.7780879
 0.7764919  0.77587867 0.77413183 0.7735768  0.7699478  0.7683446
 0.7642234  0.7637144  0.76275814 0.75985116 0.75959414 0.75757974
 0.7574487  0.755767   0.7550646  0.753652   0.7535088  0.75029993
 0.74823326 0.7467437  0.7453679  0.7440724  0.7435314  0.7432483
 0.7426912  0.74268293 0.741277   0.7403393  0.7397797  0.739369
 0.738915   0.737583   0.7369943  0.73343843 0.7333564  0.7311581
 0.7310877  0.72754014 0.72440326 0.7231716  0.72076607 0.7188172
 0.71386856 0.71326274 0.71262234 0.7105161  0.7089543  0.70765513
 0.7017774  0.7015205  0.70142186 0.7007467  0.69972235 0.69819593
 0.6978058  0.6941129  0.69190353 0.69149315 0.689554   0.6890299
 0.6886029  0.68756384 0.6855527  0.6835397  0.67685306 0.6766628
 0.67189705 0.6715041  0.67105365 0.6708255  0.6672636  0.6661094
 0.66580045 0.6640537  0.66077006 0.6598345  0.658074   0.65754855
 0.6538276  0.6460313  0.6457876  0.6419196  0.6410775  0.64066875
 0.63789403 0.63761437 0.6354383  0.6347832  0.6339008  0.6334516
 0.6300833  0.6284862  0.626435   0.6256272  0.62322235 0.62307894
 0.6227615  0.6198446  0.61959934 0.6195648  0.6192089  0.6075904
 0.60664856 0.6055159  0.6052135  0.60350394 0.603088   0.60089546
 0.59778583 0.5965166  0.5938795  0.59346545 0.59102124 0.5871877
 0.5865972  0.5862754  0.5847895  0.58377224 0.5822428  0.5758246
 0.5724335  0.57236254 0.5690776  0.56762844 0.5674437  0.56742185
 0.5666528  0.56162655 0.5606864  0.55988973 0.5572163  0.5562642
 0.5530875  0.5525048  0.54979867 0.5496164  0.5488625  0.53641397
 0.5342355  0.5341689  0.5332266  0.53214496 0.53122014 0.5309866
 0.52662534 0.5259811  0.52263415 0.5215663  0.51687306 0.51633126
 0.5145608  0.51109946 0.5064039  0.503319   0.50258875 0.50206244
 0.5004794  0.49971712 0.48667812 0.48601162 0.4722868  0.46988046
 0.46788552 0.46494412 0.46030724 0.45862615 0.45168224 0.4445508
 0.4428769  0.44250736 0.43011078 0.4281509  0.42701212 0.42600366
 0.416094   0.4132586  0.4120866  0.41099447 0.41034395 0.40958005
 0.4087149  0.40241912 0.3936131  0.39121827 0.38012645 0.37050435
 0.3567441  0.34916052 0.3430007  0.32988665 0.32044098 0.3190475
 0.31345582 0.3084048  0.30538845 0.2965641  0.29316485 0.2930227
 0.29040003 0.25589448 0.23559883 0.18647884]